 1   0   0  1600.00
 2  80  10  1600.00
 3 240  30  1600.00
 4 640  80  1600.00
 5 960 120  1600.00
 6 2240 280  0
 7 960 120  960.00
 8 640  80  1600.00
 9 1920 240  0
10 640  80  640.00
11 240  30  1600.00
12 560  70  1600.00
13 1840 230  0
14 560  70  560.00
15 240  30  1520.00
16 1520 190  1520.00
17 240  30  240.00
18  80  10  1600.00
19 480  60  1600.00
20 800 100  1600.00
21 2080 260  0
22 800 100  800.00
23 480  60  1600.00
24 1760 220  0
25 480  60  480.00
26  80  10  1600.00
27 400  50  1600.00
28 1680 210  0
29 400  50  400.00
30  80  10  1360.00
31   0   0  1600.00
32 160  20  1600.00
33 560  70  1600.00
34 880 110  1600.00
35 2160 270  0
36 880 110  880.00
37 560  70  1600.00
38 1840 230  0
39 560  70  560.00
40 160  20  1600.00
41 480  60  1600.00
42 1760 220  0
43 480  60  480.00
44 160  20  1440.00
45   0   0  1600.00
46 400  50  1600.00
47 720  90  1600.00
48 2000 250  0
49 720  90  720.00
50 400  50  1600.00
51 1680 210  0
52 400  50  400.00
53   0   0  1600.00
54 320  40  1600.00
55 1600 200  0
56 320  40  320.00
57   0   0  1280.00