1   0   0  33.86
2  10   7  33.86
3  20  14  33.86
4  30  21  33.86
5  39  28  0
6  30  21  33.86
7  39  28  0
8  30  21  33.86
9  39  28  0
10  30  21  33.86
11  39  28  0
12  30  21  33.86
13  39  28  0
14  30  21  30.00
15  20  14  32.86
16  29  21  32.86
17  38  28  0
18  29  21  32.86
19  38  28  0
20  29  21  32.86
21  38  28  0
22  29  21  32.86
23  38  28  0
24  29  21  29.00
25  20  14  32.86
26  29  21  32.86
27  38  28  0
28  29  21  32.86
29  38  28  0
30  29  21  32.86
31  38  28  0
32  29  21  29.00
33  20  14  32.86
34  29  21  32.86
35  38  28  0
36  29  21  32.86
37  38  28  0
38  29  21  29.00
39  20  14  32.86
40  29  21  32.86
41  38  28  0
42  29  21  29.00
43  20  14  29.00
44  10   7  32.86
45  20  14  32.86
46  29  21  32.86
47  38  28  0
48  29  21  32.86
49  38  28  0
50  29  21  32.86
51  38  28  0
52  29  21  32.86
53  38  28  0
54  29  21  29.00
55  20  14  32.86
56  29  21  32.86
57  38  28  0
58  29  21  32.86
59  38  28  0
60  29  21  32.86
61  38  28  0
62  29  21  29.00
63  20  14  32.86
64  29  21  32.86
65  38  28  0
66  29  21  32.86
67  38  28  0
68  29  21  29.00
69  20  14  32.86
70  29  21  32.86
71  38  28  0
72  29  21  29.00
73  20  14  29.00
74  10   7  31.86
75  19  14  31.86
76  28  21  31.86
77  37  28  0
78  28  21  31.86
79  37  28  0
80  28  21  31.86
81  37  28  0
82  28  21  28.00
83  19  14  31.86
84  28  21  31.86
85  37  28  0
86  28  21  31.86
87  37  28  0
88  28  21  28.00
89  19  14  31.86
90  28  21  31.86
91  37  28  0
92  28  21  28.00
93  19  14  28.00
94  10   7  31.86
95  19  14  31.86
96  28  21  31.86
97  37  28  0
98  28  21  31.86
99  37  28  0
100  28  21  28.00
101  19  14  31.86
102  28  21  31.86
103  37  28  0
104  28  21  28.00
105  19  14  28.00
106  10   7  31.86
107  19  14  31.86
108  28  21  31.86
109  37  28  0
110  28  21  28.00
111  19  14  28.00
112  10   7  28.00
113   0   0  32.86
114  10   7  32.86
115  20  14  32.86
116  29  21  32.86
117  38  28  0
118  29  21  32.86
119  38  28  0
120  29  21  32.86
121  38  28  0
122  29  21  32.86
123  38  28  0
124  29  21  29.00
125  20  14  32.86
126  29  21  32.86
127  38  28  0
128  29  21  32.86
129  38  28  0
130  29  21  32.86
131  38  28  0
132  29  21  29.00
133  20  14  32.86
134  29  21  32.86
135  38  28  0
136  29  21  32.86
137  38  28  0
138  29  21  29.00
139  20  14  32.86
140  29  21  32.86
141  38  28  0
142  29  21  29.00
143  20  14  29.00
144  10   7  31.86
145  19  14  31.86
146  28  21  31.86
147  37  28  0
148  28  21  31.86
149  37  28  0
150  28  21  31.86
151  37  28  0
152  28  21  28.00
153  19  14  31.86
154  28  21  31.86
155  37  28  0
156  28  21  31.86
157  37  28  0
158  28  21  28.00
159  19  14  31.86
160  28  21  31.86
161  37  28  0
162  28  21  28.00
163  19  14  28.00
164  10   7  31.86
165  19  14  31.86
166  28  21  31.86
167  37  28  0
168  28  21  31.86
169  37  28  0
170  28  21  28.00
171  19  14  31.86
172  28  21  31.86
173  37  28  0
174  28  21  28.00
175  19  14  28.00
176  10   7  31.86
177  19  14  31.86
178  28  21  31.86
179  37  28  0
180  28  21  28.00
181  19  14  28.00
182  10   7  28.00
183   0   0  31.86
184  10   7  31.86
185  19  14  31.86
186  28  21  31.86
187  37  28  0
188  28  21  31.86
189  37  28  0
190  28  21  31.86
191  37  28  0
192  28  21  28.00
193  19  14  31.86
194  28  21  31.86
195  37  28  0
196  28  21  31.86
197  37  28  0
198  28  21  28.00
199  19  14  31.86
200  28  21  31.86
201  37  28  0
202  28  21  28.00
203  19  14  28.00
204  10   7  31.86
205  19  14  31.86
206  28  21  31.86
207  37  28  0
208  28  21  31.86
209  37  28  0
210  28  21  28.00
211  19  14  31.86
212  28  21  31.86
213  37  28  0
214  28  21  28.00
215  19  14  28.00
216  10   7  31.86
217  19  14  31.86
218  28  21  31.86
219  37  28  0
220  28  21  28.00
221  19  14  28.00
222  10   7  28.00
223   0   0  30.86
224   9   7  30.86
225  18  14  30.86
226  27  21  30.86
227  36  28  0
228  27  21  30.86
229  36  28  0
230  27  21  27.00
231  18  14  30.86
232  27  21  30.86
233  36  28  0
234  27  21  27.00
235  18  14  27.00
236   9   7  30.86
237  18  14  30.86
238  27  21  30.86
239  36  28  0
240  27  21  27.00
241  18  14  27.00
242   9   7  27.00
243   0   0  30.86
244   9   7  30.86
245  18  14  30.86
246  27  21  30.86
247  36  28  0
248  27  21  27.00
249  18  14  27.00
250   9   7  27.00
251   0   0  27.00